ID	Hexagon_index	Cluster_base	data.SRR385938	data.SRR385939	data.SRR385940	data.SRR385941
NA12156:AB:chr13:32906729	34	3	0.0106639669471329	0.0350381421427223	0.130150671607476	0.664822319600979
NA12156:AB:chr19:55494651	58	3	0.0106603198660489	0.0351529099436041	0.130112504041	0.666619639469417
NA12156:AB:chr22:32587302	58	3	0.0106600604813676	0.0351294332842971	0.130125545296585	0.66645697855946
NA12156:AB:chr2:26699003	57	3	0.0106837473713883	0.0351898716005781	0.130045076014781	0.667141845601813
NA12156:AB:chr2:33487873	57	3	0.0106896287353515	0.0351984748704563	0.130028193708675	0.667286156282448
NA12156:AB:chr3:37053568	57	3	0.0106884524625589	0.0351975549000216	0.130031570169896	0.66731827682564
NA12156:AB:chr7:116435768	57	3	0.0106825710985957	0.0351889516301434	0.130048452476002	0.667106709068173
NA12156:BB:chr11:117096652	57	3	0.010696588421594	0.0352117776652788	0.130004558480126	0.667468309064752
NA12156:BB:chr11:118178007	57	3	0.0107012935127646	0.0352200328815373	0.129991052635241	0.667475677213211
NA12156:BB:chr11:18291321	57	3	0.0107012935127646	0.0352200328815373	0.129991052635241	0.667475677213211
NA12156:BB:chr11:5364450	57	3	0.0107087357374396	0.0352213245344511	0.130035991262232	0.667492744969854
NA12156:BB:chr11:5529152	57	3	0.0107012935127646	0.0352200328815373	0.129991052635241	0.667475677213211
NA12156:BB:chr12:132631855	57	3	0.0106943338265221	0.0352055862530849	0.13001468786379	0.667462265141867
NA12156:BB:chr12:13764774	57	3	0.0107012935127646	0.0352200328815373	0.129991052635241	0.667475677213211
NA12156:BB:chr12:77419593	57	3	0.0107012935127646	0.0352200328815373	0.129991052635241	0.667475677213211
NA12156:BB:chr14:21109745	57	3	0.0107012935127646	0.0352200328815373	0.129991052635241	0.667475677213211
NA12156:BB:chr16:4849705	57	3	0.0107064811423677	0.0352151331222573	0.130046120645895	0.667487529545435
NA12156:BB:chr19:38160760	57	3	0.0107012935127646	0.0352200328815373	0.129991052635241	0.667475677213211
NA12156:BB:chr19:39908574	57	3	0.0107012935127646	0.0352200328815373	0.129991052635241	0.667475677213211
NA12156:BB:chr19:43763059	34	3	0.010664830267106	0.0350372726168069	0.130142717832997	0.664756710150603
NA12156:BB:chr19:9968139	57	3	0.0107012935127646	0.0352200328815373	0.129991052635241	0.667475677213211
NA12156:BB:chr1:145533175	57	3	0.0107002151904853	0.035215905273408	0.129997805557684	0.667471786014365
NA12156:BB:chr1:17396592	57	3	0.0107001172399719	0.0352179690774727	0.129994429096462	0.667473938738405
NA12156:BB:chr1:46500613	57	3	0.0107012935127646	0.0352200328815373	0.129991052635241	0.667475677213211
NA12156:BB:chr1:70820008	57	3	0.0106966863721074	0.0352097138612142	0.130007934941347	0.667466570589946
NA12156:BB:chr2:175263063	57	3	0.0107087357374396	0.0352213245344511	0.130035991262232	0.667492744969854
NA12156:BB:chr2:21263900	57	3	0.0107021053569935	0.0352204406179517	0.13000262601515	0.667470356004248
NA12156:BB:chr3:56763619	57	3	0.0106919812809368	0.0352014586449557	0.130021440786232	0.667458373943021
NA12156:BB:chr3:8775589	57	3	0.0107012935127646	0.0352200328815373	0.129991052635241	0.667475677213211
NA12156:BB:chr4:88732918	57	3	0.0107087357374396	0.0352213245344511	0.130035991262232	0.667492744969854
NA12156:BB:chr5:132198199	57	3	0.0107012935127646	0.0352200328815373	0.129991052635241	0.667475677213211
NA12156:BB:chr5:137625228	57	3	0.0107001172399719	0.0352179690774727	0.129994429096462	0.667473938738405
NA12156:BB:chr6:39563863	57	3	0.0106943338265221	0.0352055862530849	0.13001468786379	0.667462265141867
NA12156:BB:chr7:50514577	57	3	0.0106989409671793	0.035215905273408	0.129997805557684	0.667471371765133
NA12156:BB:chr7:796430	57	3	0.0107001172399719	0.0352179690774727	0.129994429096462	0.667473938738405
NA12156:BB:chr8:144620584	57	3	0.0107012935127646	0.0352200328815373	0.129991052635241	0.667475677213211
NA12156:BB:chr9:100070351	57	3	0.0107001172399719	0.0352179690774727	0.129994429096462	0.667473524489172
NA12878:AB:chr19:11227602	50	1	0.0838766227697567	0.246296776337152	0.820787675688271	0.031186281232037
NA12878:AB:chr7:55268949	50	1	0.0838773881085185	0.246298622562713	0.820777458338853	0.0311997394242062
NA12878:BB:chr10:17875816	53	1	0.0998797588072282	0.49298932151797	0.904795045156725	0.536061679868757
NA12878:BB:chr11:6898495	50	1	0.0838791101207325	0.246292621715562	0.820754469302661	0.0312200450986875
NA12878:BB:chr12:53708910	50	1	0.0838781534472802	0.246296406846409	0.820767240989434	0.0312107038019005
NA12878:BB:chr14:102901201	50	1	0.0838766227697567	0.246296776337152	0.820787675688271	0.031186281232037
NA12878:BB:chr17:29623288	50	1	0.0838883696893503	0.246316719041988	0.820761320943934	0.0312207121360236
NA12878:BB:chr17:35346641	50	1	0.0838879870199694	0.246315795929207	0.820766429618644	0.031213983039939
NA12878:BB:chr17:72937795	50	1	0.0838766227697567	0.246296776337152	0.820787675688271	0.031186281232037
NA12878:BB:chr18:44561619	50	1	0.0838768141044471	0.24629520692261	0.820785121350917	0.0311871519656045
NA12878:BB:chr19:21131571	50	1	0.0838787274513516	0.24629779151558	0.82075957797737	0.0312207974460274
NA12878:BB:chr19:35836530	50	1	0.0838775794432089	0.246297053148171	0.820774904001498	0.0312031039722485
NA12878:BB:chr19:54849463	50	1	0.083877196773828	0.246298161006323	0.820780012676207	0.0311963748761639
NA12878:BB:chr1:200376695	50	1	0.0838791101207325	0.246292621715562	0.820754469302661	0.0312200450986875
NA12878:BB:chr1:248224746	50	1	0.0838758995319846	0.246296006841154	0.820776157579007	0.0312016021574649
NA12878:BB:chr20:62196182	50	1	0.0838912672629076	0.246287996208589	0.820751653238628	0.031223115302913
NA12878:BB:chr2:120005569	50	1	0.0838768141044471	0.246297237893542	0.820785121350917	0.0311896457800793
NA12878:BB:chr2:26455127	50	1	0.0838773881085185	0.246294560620848	0.820777458338853	0.0311947517952565
NA12878:BB:chr2:26502875	50	1	0.0838742888314947	0.246293452140994	0.820789804335474	0.0311854193883185
NA12878:BB:chr3:129155670	50	1	0.0838766227697567	0.246296776337152	0.820787675688271	0.031186281232037
NA12878:BB:chr3:49156473	50	1	0.0838871414493935	0.246300760572064	0.820760573324835	0.0312202479899688
NA12878:BB:chr3:49362369	50	1	0.0838768141044471	0.246297237893542	0.820785121350917	0.0311896457800793
NA12878:BB:chr3:49455330	50	1	0.0838766227697567	0.246296776337152	0.820787675688271	0.031186281232037
NA12878:BB:chr4:1729988	50	1	0.0838951727780545	0.246304837486701	0.82076667734701	0.0312111015106041
NA12878:BB:chr4:95186055	50	1	0.0838779621125898	0.246295945290019	0.820769795326789	0.0312073392538582
NA12878:BB:chr5:102894673	50	1	0.0838859934412508	0.246300022204655	0.820775899348964	0.0312025545161898
NA12878:BB:chr5:31538692	50	1	0.0838854809773753	0.246289326588097	0.820768181241921	0.0312022690545688
NA12878:BB:chr6:17675246	50	1	0.0839166178002206	0.246304852398449	0.820745518648788	0.0312274807457943
NA12878:BB:chr6:76425288	50	1	0.083877196773828	0.24629613003539	0.820780012676207	0.0311963748761639
NA12878:BB:chr9:2029199	50	1	0.0838785361166611	0.246297329959189	0.820762132314725	0.0312174328979851
NA12878:BB:chr9:86278913	50	1	0.0838781534472802	0.246298437817342	0.820767240989434	0.0312131976163754
NA18507:AB:chr13:32912733	26	2	0.288632822784197	0.716175173766215	0.0159652570824583	0.0854876035745877
NA18507:AB:chr4:88732911	26	2	0.287615668316567	0.714086195851301	0.0159070615598721	0.0853830575128867
NA18507:AB:chr9:139393679	26	2	0.288705500545258	0.716250852183016	0.0159336437840597	0.0855147072690702
NA18507:BB:chr10:100011442	44	2	0.303197459489989	0.719800437086945	0.0159435773824474	0.0897391290535906
NA18507:BB:chr10:123970173	45	2	0.30202512838404	0.719734257001207	0.0158647507276935	0.0893522534481521
NA18507:BB:chr10:91143374	45	2	0.301734191641271	0.719754901606306	0.0158586660081645	0.0893022899670668
NA18507:BB:chr11:112104245	44	2	0.302486751018407	0.719770135673072	0.015874850981376	0.0894556903996719
NA18507:BB:chr11:5221424	45	2	0.301325053061123	0.719543112539987	0.0158926243428254	0.0891737614805279
NA18507:BB:chr11:62009791	45	2	0.301587774102758	0.71973360269253	0.0158597510778668	0.0892679348571727
NA18507:BB:chr11:71712531	44	2	0.305206591984338	0.719918424182349	0.0161026228058899	0.0901406598891648
NA18507:BB:chr11:71717300	45	2	0.301640656059812	0.71969952386084	0.015878513811566	0.0892972660928921
NA18507:BB:chr14:21109726	44	2	0.302948898967137	0.719767368067574	0.0159089632278472	0.0895544976921321
NA18507:BB:chr14:50074241	44	2	0.302798900753901	0.71975810641657	0.0159299963486489	0.089616626644113
NA18507:BB:chr17:1703982	44	2	0.302797746921323	0.719817724179241	0.0159049514588534	0.0895463730910955
NA18507:BB:chr18:8784723	44	2	0.302364582660447	0.719785890268459	0.0158867742634259	0.0894637699353827
NA18507:BB:chr19:55107775	10	2	0.318594636230484	0.567130059726889	0.0124016337864326	0.0815750748678846
NA18507:BB:chr1:42865292	44	2	0.303972678887953	0.719778820427624	0.015994635125517	0.0899056423503876
NA18507:BB:chr22:24622124	45	2	0.30213768472839	0.719767796294764	0.0158687953237543	0.0893935568941795
NA18507:BB:chr22:32587251	45	2	0.301881130337702	0.719744550201584	0.0158716090127597	0.0893320896867566
NA18507:BB:chr2:113737630	46	2	0.298235997981728	0.719010260096076	0.0158361711894391	0.0883012948107497
NA18507:BB:chr2:26699033	44	2	0.302344961764599	0.719767155637204	0.0158720427151166	0.089431983857073
NA18507:BB:chr2:33487845	45	2	0.300693787749275	0.719660736236372	0.0158472785000951	0.089076599848676
NA18507:BB:chr3:171969228	44	2	0.306846692129107	0.719996227874536	0.0161463456021482	0.0908999710421383
NA18507:BB:chr3:45754685	44	2	0.302556382013497	0.719786902476095	0.0158999519834368	0.0894838322260369
NA18507:BB:chr4:3009479	44	2	0.303486688891027	0.719819060191269	0.0159345720315783	0.0897028610276847
NA18507:BB:chr4:72622566	44	2	0.302415587040961	0.719769205964842	0.015873003810412	0.0894648832062978
NA18507:BB:chr5:108233462	44	2	0.302543203957112	0.719785507822021	0.015886375720953	0.0894725138422
NA18507:BB:chr5:140603248	45	2	0.301884411814675	0.719755729277345	0.0158625288895687	0.0893338726619533
NA18507:BB:chr5:140605092	1	4	0.0432701292127133	0.161708711063915	0.00832989390788533	0.00966968360004018
NA18507:BB:chr5:180166362	45	2	0.301719282287161	0.719741680254709	0.0158701385744473	0.0893078950721476
NA18507:BB:chr5:180166866	45	2	0.301978784968157	0.719731877584786	0.0158758643991074	0.0893666484495031
NA18507:BB:chr5:180166877	45	2	0.301832331455823	0.719721177394128	0.0158696543010182	0.0893117605191049
NA18507:BB:chr6:26385263	45	2	0.301896759573441	0.719752665030321	0.0158616012812397	0.0893325954320953
NA18507:BB:chr6:43582091	44	2	0.304708623746513	0.719937083104508	0.0160040299522016	0.0899689463440259
NA18507:BB:chr7:76922490	45	2	0.301360864781276	0.719669106776967	0.0158627584702271	0.0892123494557147
NA18507:BB:chr9:19058425	41	2	0.631387147512643	0.728521004584079	0.0781786496231271	0.297797319684632
NA19240:AB:chr11:18291395	38	5	0.622186307231832	0.00944565257416189	0.0454605410848346	0.217170176354459
NA19240:AB:chr3:178927410	38	5	0.621506483194834	0.00945508101056773	0.0454141895403396	0.216911817249657
NA19240:AB:chr5:112178995	38	5	0.621914585310311	0.00944165237926216	0.0454472052598073	0.217066213081098
NA19240:BB:chr11:26700310	38	5	0.624183749144487	0.00955463304217446	0.0458359720532528	0.218615963397471
NA19240:BB:chr11:59860922	38	5	0.624183749144487	0.00955463304217446	0.0458359720532528	0.218615963397471
NA19240:BB:chr12:12332842	38	5	0.624180546460253	0.00955387596366298	0.0458342336708375	0.218640500077582
NA19240:BB:chr12:46321702	38	5	0.624180546460253	0.00955387596366298	0.0458342336708375	0.218640500077582
NA19240:BB:chr15:50399138	38	5	0.624180546460253	0.00955387596366298	0.0458342336708375	0.218640500077582
NA19240:BB:chr17:4918122	38	5	0.624183749144487	0.00955463304217446	0.0458359720532528	0.218615963397471
NA19240:BB:chr17:5264916	38	5	0.624186757492832	0.00955618736203633	0.0458389434184891	0.218626128621105
NA19240:BB:chr18:50278635	38	5	0.624186757492832	0.00955618736203633	0.0458389434184891	0.218626128621105
NA19240:BB:chr19:10127866	38	5	0.624186757492832	0.00955618736203633	0.0458389434184891	0.218626128621105
NA19240:BB:chr1:152283811	38	5	0.624186757492832	0.00955618736203633	0.0458389434184891	0.218626128621105
NA19240:BB:chr1:152285137	38	5	0.624179785515491	0.00955804178030458	0.0458373937338185	0.218614314385169
NA19240:BB:chr1:152285188	38	5	0.624183749144487	0.00955463304217446	0.0458359720532528	0.218615963397471
NA19240:BB:chr2:165754983	38	5	0.624186757492832	0.00955618736203633	0.0458389434184891	0.218626128621105
NA19240:BB:chr2:202264165	38	5	0.624186757492832	0.00955618736203633	0.0458389434184891	0.218626128621105
NA19240:BB:chr2:242192848	38	5	0.624183749144487	0.00955463304217446	0.0458359720532528	0.218615963397471
NA19240:BB:chr2:26502880	38	5	0.624183554808598	0.00955543028352484	0.0458372050360739	0.218650665301216
NA19240:BB:chr2:26502941	38	5	0.624186757492832	0.00955618736203633	0.0458389434184891	0.218626128621105
NA19240:BB:chr3:38058044	38	5	0.624183554808598	0.00955543028352484	0.0458372050360739	0.218650665301216
NA19240:BB:chr3:52130666	38	5	0.624177343776018	0.00955311888515149	0.0458324952884223	0.218665036757692
NA19240:BB:chr5:135228165	38	5	0.624186757492832	0.00955618736203633	0.0458389434184891	0.218626128621105
NA19240:BB:chr5:147805120	38	5	0.624186757492832	0.00955618736203633	0.0458389434184891	0.218626128621105
NA19240:BB:chr6:168352219	38	5	0.624183749144487	0.00955463304217446	0.0458359720532528	0.218615963397471
NA19240:BB:chr8:7308674	2	4	0.258030191950772	0.0115050117136882	0.0115272805221697	0.0885942898246337
NA19240:BB:chr8:87641271	38	5	0.624183749144487	0.00955463304217446	0.0458359720532528	0.218615963397471
NA19240:BB:chr9:2029196	38	5	0.624183749144487	0.00955463304217446	0.0458359720532528	0.218615963397471
NA19240:BB:chr9:35661088	38	5	0.624183749144487	0.00955463304217446	0.0458359720532528	0.218615963397471
