	SRR385938	SRR385938_std	SRR385939	SRR385939_std	SRR385940	SRR385940_std	SRR385941	SRR385941_std	cluster_id
NA12156:AB:chr13:32906729	0.010663966947132852	0.002702380541745359	0.03503814214272228	0.00259303657335222	0.1301506716074757	0.004351813835695623	0.6648223196009787	0.02989694248493887	2
NA12156:AB:chr19:55494651	0.01066031986604892	0.0027010163265512956	0.035152909943604094	0.00217269287137973	0.13011250404099967	0.003914767053526874	0.6666196394694169	0.01778994205299161	2
NA12156:AB:chr22:32587302	0.010660060481367613	0.0026973965580655516	0.03512943328429713	0.0022740282727439355	0.13012554529658527	0.003982141379937001	0.6664569785594597	0.018683877278979733	2
NA12156:AB:chr2:26699003	0.010683747371388346	0.002829041423785239	0.03518987160057809	0.0020410928304395067	0.13004507601478058	0.0035678722064687043	0.6671418456018127	0.011844317264341209	2
NA12156:AB:chr2:33487873	0.010689628735351543	0.002860196879560594	0.035198474870456346	0.00201028219946695	0.13002819370867452	0.0034755249463942176	0.6672861562824479	0.009389895417427782	2
NA12156:AB:chr3:37053568	0.010688452462558904	0.002853993966777315	0.035197554900021626	0.0020100399309855416	0.13003157016989575	0.0034941961801339605	0.6673182768256398	0.008675250593847366	2
NA12156:AB:chr7:116435768	0.010682571098595706	0.0028227675980295273	0.03518895163014337	0.0020408503409223224	0.13004845247600177	0.003586046758987545	0.6671067090681734	0.012381134722133333	2
NA12156:BB:chr11:117096652	0.010696588421594015	0.0028968317202538608	0.0352117776652788	0.0019558668074922394	0.1300045584801261	0.0033418112029078052	0.6674683090647523	0.004788797143664506	2
NA12156:BB:chr11:118178007	0.010701293512764573	0.0029211845802120636	0.03522003288153728	0.0019185193966290582	0.12999105263524124	0.003262867208901791	0.6674756772132112	0.004769483577495985	2
NA12156:BB:chr11:18291321	0.010701293512764573	0.0029211845802120636	0.03522003288153728	0.0019185193966290582	0.12999105263524124	0.003262867208901791	0.6674756772132112	0.004769483577495985	2
NA12156:BB:chr11:5364450	0.010708735737439587	0.003065747903516838	0.03522132453445114	0.0019115716410656551	0.1300359912622317	0.005573069334422715	0.6674927449698542	0.00461246551657078	2
NA12156:BB:chr11:5529152	0.010701293512764573	0.0029211845802120636	0.03522003288153728	0.0019185193966290582	0.12999105263524124	0.003262867208901791	0.6674756772132112	0.004769483577495985	2
NA12156:BB:chr12:132631855	0.0106943338265221	0.0028848703652875627	0.035205586253084925	0.001983393363589114	0.1300146878637897	0.0033997812358089016	0.6674622651418672	0.004805668031935893	2
NA12156:BB:chr12:13764774	0.010701293512764573	0.0029211845802120636	0.03522003288153728	0.0019185193966290582	0.12999105263524124	0.003262867208901791	0.6674756772132112	0.004769483577495985	2
NA12156:BB:chr12:77419593	0.010701293512764573	0.0029211845802120636	0.03522003288153728	0.0019185193966290582	0.12999105263524124	0.003262867208901791	0.6674756772132112	0.004769483577495985	2
NA12156:BB:chr14:21109745	0.010701293512764573	0.0029211845802120636	0.03522003288153728	0.0019185193966290582	0.12999105263524124	0.003262867208901791	0.6674756772132112	0.004769483577495985	2
NA12156:BB:chr16:4849705	0.010706481142367674	0.003054457070740758	0.035215133122257276	0.0019397573647322501	0.13004612064589535	0.005607965343032169	0.6674875295454346	0.004625946808161469	2
NA12156:BB:chr19:38160760	0.010701293512764573	0.0029211845802120636	0.03522003288153728	0.0019185193966290582	0.12999105263524124	0.003262867208901791	0.6674756772132112	0.004769483577495985	2
NA12156:BB:chr19:39908574	0.010701293512764573	0.0029211845802120636	0.03522003288153728	0.0019185193966290582	0.12999105263524124	0.003262867208901791	0.6674756772132112	0.004769483577495985	2
NA12156:BB:chr19:43763059	0.010664830267105966	0.002709980361475133	0.03503727261680687	0.002587979173528209	0.13014271783299727	0.004293923891586232	0.6647567101506034	0.030012751756225975	2
NA12156:BB:chr19:9968139	0.010701293512764573	0.0029211845802120636	0.03522003288153728	0.0019185193966290582	0.12999105263524124	0.003262867208901791	0.6674756772132112	0.004769483577495985	2
NA12156:BB:chr1:145533175	0.0107002151904853	0.002915407912938513	0.03521590527340803	0.0019372875008110964	0.12999780555768367	0.003302582001393155	0.6674717860143654	0.0047801346541797695	2
NA12156:BB:chr1:17396592	0.010700117239971933	0.0029151161501537047	0.035217969077472655	0.0019279273917171887	0.12999442909646244	0.0032827864004615864	0.6674739387384047	0.004773828184491703	2
NA12156:BB:chr1:46500613	0.010701293512764573	0.0029211845802120636	0.03522003288153728	0.0019185193966290582	0.12999105263524124	0.003262867208901791	0.6674756772132112	0.004769483577495985	2
NA12156:BB:chr1:70820008	0.01069668637210738	0.002897125443741567	0.035209713861214166	0.0019650873373558467	0.1300079349413473	0.0033612490284069354	0.6674665705899457	0.004793121571690405	2
NA12156:BB:chr2:175263063	0.010708735737439587	0.003065747903516838	0.03522132453445114	0.0019115716410656551	0.1300359912622317	0.005573069334422715	0.6674927449698542	0.00461246551657078	2
NA12156:BB:chr2:21263900	0.010702105356993471	0.0029219316879011137	0.03522044061795167	0.0019184814621089608	0.1300026260151496	0.003460770713908526	0.6674703560042483	0.004805857007543326	2
NA12156:BB:chr3:56763619	0.010691981280936822	0.0028725610771932236	0.035201458644955684	0.0020015234568489053	0.13002144078623212	0.003437868330623597	0.6674583739430214	0.004816228250492356	2
NA12156:BB:chr3:8775589	0.010701293512764573	0.0029211845802120636	0.03522003288153728	0.0019185193966290582	0.12999105263524124	0.003262867208901791	0.6674756772132112	0.004769483577495985	2
NA12156:BB:chr4:88732918	0.010708735737439587	0.003065747903516838	0.03522132453445114	0.0019115716410656551	0.1300359912622317	0.005573069334422715	0.6674927449698542	0.00461246551657078	2
NA12156:BB:chr5:132198199	0.010701293512764573	0.0029211845802120636	0.03522003288153728	0.0019185193966290582	0.12999105263524124	0.003262867208901791	0.6674756772132112	0.004769483577495985	2
NA12156:BB:chr5:137625228	0.010700117239971933	0.0029151161501537047	0.035217969077472655	0.0019279273917171887	0.12999442909646244	0.0032827864004615864	0.6674739387384047	0.004773828184491703	2
NA12156:BB:chr6:39563863	0.0106943338265221	0.0028848703652875627	0.035205586253084925	0.001983393363589114	0.1300146878637897	0.0033997812358089016	0.6674622651418672	0.004805668031935893	2
NA12156:BB:chr7:50514577	0.010698940967179294	0.002909034585320889	0.03521590527340803	0.0019372875008110964	0.12999780555768367	0.003302582001393155	0.6674713717651327	0.004782100255347167	2
NA12156:BB:chr7:796430	0.010700117239971933	0.0029151161501537047	0.035217969077472655	0.0019279273917171887	0.12999442909646244	0.0032827864004615864	0.6674739387384047	0.004773828184491703	2
NA12156:BB:chr8:144620584	0.010701293512764573	0.0029211845802120636	0.03522003288153728	0.0019185193966290582	0.12999105263524124	0.003262867208901791	0.6674756772132112	0.004769483577495985	2
NA12156:BB:chr9:100070351	0.010700117239971933	0.0029151161501537047	0.035217969077472655	0.0019279273917171887	0.12999442909646244	0.0032827864004615864	0.667473524489172	0.004775796567992184	2
NA12878:AB:chr19:11227602	0.08387662276975669	0.004296976174200092	0.24629677633715197	0.003813219539421231	0.8207876756882714	0.0036317360876038027	0.031186281232036997	0.004334623701579679	1
NA12878:AB:chr7:55268949	0.08387738810851846	0.004298045071010312	0.2462986225627131	0.003809574323883046	0.8207774583388527	0.0036691882144351696	0.031199739424206178	0.004331801510674833	1
NA12878:BB:chr10:17875816	0.09987975880722823	0.03285330512490707	0.49298932151796965	0.14180006333313738	0.904795045156725	0.014560378945063708	0.5360616798687574	0.15609370649182464	9
NA12878:BB:chr11:6898495	0.08387911012073246	0.004300448619392679	0.24629262171556243	0.0038004947039225563	0.8207544693026606	0.003751987175592481	0.03122004509868752	0.004337485753002592	1
NA12878:BB:chr12:53708910	0.08387815344728022	0.004299113565797347	0.2462964068464089	0.0038055812167667835	0.820767240989434	0.0037062337334366822	0.03121070380190053	0.004331977263656374	1
NA12878:BB:chr14:102901201	0.08387662276975669	0.004296976174200092	0.24629677633715197	0.003813219539421231	0.8207876756882714	0.0036317360876038027	0.031186281232036997	0.004334623701579679	1
NA12878:BB:chr17:29623288	0.08388836968935032	0.004415165664965121	0.24631671904198807	0.004258945564389001	0.8207613209439342	0.0037256361098782255	0.031220712136023593	0.004340462762516385	1
NA12878:BB:chr17:35346641	0.08388798701996943	0.004414646396441369	0.2463157959292075	0.004260580353601844	0.8207664296186437	0.0037072682463592578	0.031213983039939008	0.004341908994241318	1
NA12878:BB:chr17:72937795	0.08387662276975669	0.004296976174200092	0.24629677633715197	0.003813219539421231	0.8207876756882714	0.0036317360876038027	0.031186281232036997	0.004334623701579679	1
NA12878:BB:chr18:44561619	0.08387681410444713	0.004297243436108611	0.24629520692260962	0.0038121360049005347	0.8207851213509167	0.003641137922605183	0.031187151965604464	0.004336946831070856	1
NA12878:BB:chr19:21131571	0.08387872745135157	0.004299914673240335	0.24629779151557973	0.0038028423599920508	0.8207595779773699	0.0037337583218570555	0.031220797446027414	0.00432980648207384	1
NA12878:BB:chr19:35836530	0.08387757944320891	0.004298312232384834	0.24629705314817074	0.0038084905131556984	0.820774904001498	0.0036784872315178815	0.031203103972248476	0.004331089140701583	1
NA12878:BB:chr19:54849463	0.08387719677382802	0.004297777884508949	0.2462981610063228	0.0038104860385538134	0.8207800126762073	0.003659863787517173	0.031196374876163883	0.004332511150410863	1
NA12878:BB:chr1:200376695	0.08387911012073246	0.004300448619392679	0.24629262171556243	0.0038004947039225563	0.8207544693026606	0.003751987175592481	0.03122004509868752	0.004337485753002592	1
NA12878:BB:chr1:248224746	0.08387589953198457	0.004301004350707826	0.24629600684115352	0.0038177436713997983	0.8207761575790066	0.003671688655946884	0.031201602157464935	0.004334702539877441	1
NA12878:BB:chr20:62196182	0.08389126726290758	0.004526321327142702	0.2462879962085895	0.003828690181606293	0.820751653238628	0.0037645875831755654	0.031223115302912982	0.0043414693813815615	1
NA12878:BB:chr2:120005569	0.08387681410444713	0.004297243436108611	0.24629723789354224	0.003812308646125024	0.8207851213509167	0.003641137922605183	0.031189645780079298	0.004333922244530925	1
NA12878:BB:chr2:26455127	0.08387738810851846	0.004298045071010312	0.2462945606208478	0.0038092291794763786	0.8207774583388527	0.0036691882144351696	0.031194751795256524	0.004337861705147253	1
NA12878:BB:chr2:26502875	0.08387428883149471	0.0043040489353854735	0.24629345214099363	0.003828931488310347	0.8207898043354739	0.003641593735833826	0.03118541938831849	0.00433452428444105	1
NA12878:BB:chr3:129155670	0.08387662276975669	0.004296976174200092	0.24629677633715197	0.003813219539421231	0.8207876756882714	0.0036317360876038027	0.031186281232036997	0.004334623701579679	1
NA12878:BB:chr3:49156473	0.08388714144939348	0.0043897276666734295	0.2463007605720641	0.003818541661673715	0.8207605733248352	0.003728538853395575	0.03122024798996876	0.0043394584527259965	1
NA12878:BB:chr3:49362369	0.08387681410444713	0.004297243436108611	0.24629723789354224	0.003812308646125024	0.8207851213509167	0.003641137922605183	0.031189645780079298	0.004333922244530925	1
NA12878:BB:chr3:49455330	0.08387662276975669	0.004296976174200092	0.24629677633715197	0.003813219539421231	0.8207876756882714	0.0036317360876038027	0.031186281232036997	0.004334623701579679	1
NA12878:BB:chr4:1729988	0.08389517277805451	0.004477212372637247	0.24630483748670057	0.0038361546192893776	0.82076667734701	0.00370493207372831	0.03121110151060413	0.004341460634820865	1
NA12878:BB:chr4:95186055	0.08387796211258979	0.004298846479773751	0.24629594529001866	0.0038064936191532176	0.8207697953267887	0.0036970098024234664	0.031207339253858237	0.0043326953898370595	1
NA12878:BB:chr5:102894673	0.08388599344125082	0.004388160224751327	0.24630002220465508	0.0038241672009405605	0.8207758993489636	0.0036731850722370382	0.03120255451618982	0.00434073601937647	1
NA12878:BB:chr5:31538692	0.08388548097737532	0.004354171980312262	0.24628932658809718	0.0038150124336782175	0.8207681812419211	0.003706594871809402	0.03120226905456881	0.004342249168293895	1
NA12878:BB:chr6:17675246	0.08391661780022057	0.004841558261461506	0.2463048523984495	0.00428991519565142	0.8207455186487878	0.0037913391361227193	0.03122748074579433	0.0043541962455443195	1
NA12878:BB:chr6:76425288	0.08387719677382802	0.004297777884508949	0.24629613003539017	0.0038103138068351513	0.8207800126762073	0.003659863787517173	0.031196374876163883	0.004332511150410863	1
NA12878:BB:chr9:2029199	0.08387853611666111	0.004299647662525878	0.2462973299591895	0.003803755587380399	0.8207621323147245	0.0037246078116363085	0.031217432897985124	0.004330532811142557	1
NA12878:BB:chr9:86278913	0.08387815344728022	0.004299113565797347	0.24629843781734156	0.003805753514922157	0.820767240989434	0.0037062337334366822	0.031213197616375355	0.004328935635854622	1
NA18507:AB:chr13:32912733	0.2886328227841972	0.016030423069953642	0.7161751737662148	0.020925258625566958	0.015965257082458308	0.004186553289641611	0.0854876035745877	0.007567560992590712	4
NA18507:AB:chr4:88732911	0.2876156683165674	0.0182870551738132	0.7140861958513014	0.02735166052747503	0.01590706155987212	0.004261511720491045	0.0853830575128867	0.008048769599661708	4
NA18507:AB:chr9:139393679	0.28870550054525806	0.016674909926397207	0.7162508521830159	0.020046479980553315	0.015933643784059683	0.0034999056634836554	0.08551470726907025	0.008199902418444507	4
NA18507:BB:chr10:100011442	0.30319745948998866	0.06060269565997239	0.7198004370869452	0.00473396643787349	0.01594357738244738	0.00236597976067456	0.08973912905359065	0.017367041330564294	4
NA18507:BB:chr10:123970173	0.30202512838404016	0.05717943035238823	0.7197342570012072	0.004877416030619244	0.01586475072769353	0.0018985359921199546	0.0893522534481521	0.01610092878112128	4
NA18507:BB:chr10:91143374	0.301734191641271	0.05641409554282072	0.7197549016063058	0.004630170915133051	0.01585866600816453	0.001887214272337534	0.08930228996706684	0.01604408830115905	4
NA18507:BB:chr11:112104245	0.3024867510184074	0.05839244474972723	0.7197701356730725	0.004635062617253525	0.015874850981375997	0.001956051954196823	0.0894556903996719	0.01642937632542495	4
NA18507:BB:chr11:5221424	0.30132505306112295	0.055434686406728106	0.7195431125399869	0.006143953434787049	0.015892624342825387	0.0021905789217985952	0.08917376148052787	0.015507752481878084	4
NA18507:BB:chr11:62009791	0.30158777410275844	0.056106071524919136	0.7197336026925295	0.0047472452501958655	0.01585975107786684	0.0019216772548590042	0.08926793485717274	0.015913050463969097	4
NA18507:BB:chr11:71712531	0.30520659198433786	0.06528400886691059	0.7199184241823491	0.004994156005465289	0.01610262280588995	0.0032838838104411387	0.09014065988916475	0.01808688077003777	4
NA18507:BB:chr11:71717300	0.3016406560598117	0.05618724050906845	0.7196995238608397	0.004877751530883988	0.015878513811566037	0.002024389589107235	0.08929726609289206	0.015954422406066152	4
NA18507:BB:chr14:21109726	0.302948898967137	0.05957883554038277	0.7197673680675737	0.004879385368555798	0.015908963227847222	0.0021374367599905314	0.08955449769213206	0.016598668946407408	4
NA18507:BB:chr14:50074241	0.3027989007539008	0.059421694784266385	0.7197581064165698	0.004695975853327361	0.015929996348648893	0.002325065611501577	0.08961662664411299	0.016944951760264268	4
NA18507:BB:chr17:1703982	0.30279774692132266	0.0592599267324452	0.7198177241792406	0.004737335454680485	0.0159049514588534	0.0021791273534711225	0.08954637309109548	0.01666699047976096	4
NA18507:BB:chr18:8784723	0.30236458266044663	0.05802844814723953	0.7197858902684586	0.004668475720579835	0.01588677426342588	0.0020275583152761277	0.08946376993538266	0.016496487649745473	4
NA18507:BB:chr19:55107775	0.318594636230484	0.09616601329782427	0.5671300597268893	0.06738970507945649	0.012401633786432595	0.007381539702909747	0.08157507486788464	0.029412481644637098	8
NA18507:BB:chr1:42865292	0.3039726788879528	0.062288271159129965	0.719778820427624	0.004723229707464901	0.015994635125516972	0.002675096404948093	0.08990564235038762	0.01768118363907505	4
NA18507:BB:chr22:24622124	0.30213768472839003	0.05742902798660902	0.7197677962947638	0.004639489911069274	0.015868795323754296	0.001924425173368344	0.08939355689417947	0.016276618757762772	4
NA18507:BB:chr22:32587251	0.30188113033770153	0.05679056640564705	0.7197445502015839	0.00467577258538094	0.015871609012759705	0.0019541070230825776	0.0893320896867566	0.016042856413994833	4
NA18507:BB:chr2:113737630	0.2982359979817277	0.04731211911353152	0.7190102600960756	0.009155634180744523	0.015836171189439124	0.0020218478422877424	0.08830129481074972	0.01365149596335261	4
NA18507:BB:chr2:26699033	0.30234496176459913	0.05799485996002208	0.7197671556372037	0.004615348514651743	0.015872042715116646	0.0019387035599572051	0.08943198385707296	0.01638713953387261	4
NA18507:BB:chr2:33487845	0.300693787749275	0.05379486226984867	0.7196607362363723	0.005118774703614863	0.01584727850009511	0.001895990066975305	0.08907659984867601	0.015411917176838218	4
NA18507:BB:chr3:171969228	0.3068466921291069	0.06955831662804983	0.7199962278745363	0.005213208221183051	0.016146345602148206	0.0032203181491414767	0.09089997104213834	0.02115924899812551	4
NA18507:BB:chr3:45754685	0.3025563820134969	0.0585922408190615	0.7197869024760949	0.004675718677038871	0.01589995198343684	0.0021418536250661984	0.08948383222603687	0.01647066095505501	4
NA18507:BB:chr4:3009479	0.3034866888910272	0.06105503569944647	0.7198190601912693	0.004742351569995917	0.01593457203157826	0.00229722530377715	0.08970286102768472	0.01707139268843558	4
NA18507:BB:chr4:72622566	0.30241558704096116	0.05827310073083924	0.7197692059648416	0.004667371568177189	0.01587300381041201	0.0019592900491387662	0.08946488320629781	0.016519973469162962	4
NA18507:BB:chr5:108233462	0.30254320395711165	0.058547443068011074	0.7197855078220208	0.004676963139708867	0.015886375720952993	0.0020245679336394497	0.08947251384220002	0.016455514046588366	4
NA18507:BB:chr5:140603248	0.3018844118146745	0.056805958373971975	0.7197557292773453	0.004641838314214552	0.0158625288895687	0.001900335080505293	0.08933387266195333	0.016124704745869013	4
NA18507:BB:chr5:140605092	0.0432701292127133	0.034525146411129366	0.16170871106391518	0.07994138772459425	0.008329893907885334	0.00941722913590571	0.009669683600040179	0.011887239283775672	7
NA18507:BB:chr5:180166362	0.30171928228716116	0.056367158487901164	0.7197416802547086	0.0046593870858753625	0.01587013857444729	0.00197411578082067	0.08930789507214765	0.01603895930855057	4
NA18507:BB:chr5:180166866	0.30197878496815694	0.05701991881858128	0.7197318775847859	0.0047211434606541924	0.015875864399107445	0.001991765921987174	0.0893666484495031	0.01618553569278638	4
NA18507:BB:chr5:180166877	0.30183233145582306	0.056728868448832195	0.7197211773941284	0.0049173356278097834	0.015869654301018193	0.001928089466566792	0.08931176051910486	0.015921867226063785	4
NA18507:BB:chr6:26385263	0.30189675957344064	0.056842761629546004	0.7197526650303213	0.004649101665885803	0.015861601281239732	0.0018960843418971702	0.08933259543209529	0.01611588068185241	4
NA18507:BB:chr6:43582091	0.3047086237465134	0.06399769258066988	0.7199370831045077	0.005022831046018974	0.016004029952201616	0.002636476348608606	0.08996894634402589	0.017609859535211964	4
NA18507:BB:chr7:76922490	0.30136086478127616	0.05550167084933534	0.7196691067769668	0.005236459112540801	0.01586275847022706	0.0019168535478963768	0.08921234945571471	0.015660037750106846	4
NA18507:BB:chr9:19058425	0.6313871475126435	0.023182859353209944	0.7285210045840792	0.02052090845217298	0.07817864962312708	0.03183233750168722	0.297797319684632	0.09637121853716252	5
NA19240:AB:chr11:18291395	0.6221863072318323	0.02543877017270546	0.009445652574161887	0.0013785338057019979	0.045460541084834605	0.004631368099157281	0.21717017635445945	0.0070886451242139605	3
NA19240:AB:chr3:178927410	0.6215064831948344	0.029000448733720208	0.009455081010567726	0.0014630082508059125	0.045414189540339565	0.004547751526389798	0.21691181724965664	0.009270723826838313	3
NA19240:AB:chr5:112178995	0.6219145853103114	0.026836292577755192	0.009441652379262162	0.0013559589815557637	0.045447205259807257	0.004224453715559779	0.21706621308109825	0.007882056416865877	3
NA19240:BB:chr11:26700310	0.6241837491444874	0.0049217110194582124	0.009554633042174463	0.002503816525151483	0.04583597205325275	0.006832501009661402	0.21861596339747147	0.015539251771920786	3
NA19240:BB:chr11:59860922	0.6241837491444874	0.0049217110194582124	0.009554633042174463	0.002503816525151483	0.04583597205325275	0.006832501009661402	0.21861596339747147	0.015539251771920786	3
NA19240:BB:chr12:12332842	0.6241805464602527	0.004932362659748573	0.009553875963662976	0.002504451457804759	0.04583423367083752	0.006832646800928798	0.21864050007758196	0.01572597473970888	3
NA19240:BB:chr12:46321702	0.6241805464602527	0.004932362659748573	0.009553875963662976	0.002504451457804759	0.04583423367083752	0.006832646800928798	0.21864050007758196	0.01572597473970888	3
NA19240:BB:chr15:50399138	0.6241805464602527	0.004932362659748573	0.009553875963662976	0.002504451457804759	0.04583423367083752	0.006832646800928798	0.21864050007758196	0.01572597473970888	3
NA19240:BB:chr17:4918122	0.6241837491444874	0.0049217110194582124	0.009554633042174463	0.002503816525151483	0.04583597205325275	0.006832501009661402	0.21861596339747147	0.015539251771920786	3
NA19240:BB:chr17:5264916	0.6241867574928324	0.004906519546982434	0.009556187362036325	0.0025384043758078646	0.0458389434184891	0.006892807784109445	0.21862612862110503	0.01569704696888971	3
NA19240:BB:chr18:50278635	0.6241867574928324	0.004906519546982434	0.009556187362036325	0.0025384043758078646	0.0458389434184891	0.006892807784109445	0.21862612862110503	0.01569704696888971	3
NA19240:BB:chr19:10127866	0.6241867574928324	0.004906519546982434	0.009556187362036325	0.0025384043758078646	0.0458389434184891	0.006892807784109445	0.21862612862110503	0.01569704696888971	3
NA19240:BB:chr1:152283811	0.6241867574928324	0.004906519546982434	0.009556187362036325	0.0025384043758078646	0.0458389434184891	0.006892807784109445	0.21862612862110503	0.01569704696888971	3
NA19240:BB:chr1:152285137	0.6241797855154911	0.004940609906138261	0.009558041780304576	0.0025284797941698654	0.04583739373381846	0.0068358002762368055	0.2186143143851685	0.01554018605895803	3
NA19240:BB:chr1:152285188	0.6241837491444874	0.0049217110194582124	0.009554633042174463	0.002503816525151483	0.04583597205325275	0.006832501009661402	0.21861596339747147	0.015539251771920786	3
NA19240:BB:chr2:165754983	0.6241867574928324	0.004906519546982434	0.009556187362036325	0.0025384043758078646	0.0458389434184891	0.006892807784109445	0.21862612862110503	0.01569704696888971	3
NA19240:BB:chr2:202264165	0.6241867574928324	0.004906519546982434	0.009556187362036325	0.0025384043758078646	0.0458389434184891	0.006892807784109445	0.21862612862110503	0.01569704696888971	3
NA19240:BB:chr2:242192848	0.6241837491444874	0.0049217110194582124	0.009554633042174463	0.002503816525151483	0.04583597205325275	0.006832501009661402	0.21861596339747147	0.015539251771920786	3
NA19240:BB:chr2:26502880	0.6241835548085977	0.004917206054734704	0.009555430283524836	0.002539031122636928	0.045837205036073865	0.006892953049286585	0.21865066530121557	0.01588189914760678	3
NA19240:BB:chr2:26502941	0.6241867574928324	0.004906519546982434	0.009556187362036325	0.0025384043758078646	0.0458389434184891	0.006892807784109445	0.21862612862110503	0.01569704696888971	3
NA19240:BB:chr3:38058044	0.6241835548085977	0.004917206054734704	0.009555430283524836	0.002539031122636928	0.045837205036073865	0.006892953049286585	0.21865066530121557	0.01588189914760678	3
NA19240:BB:chr3:52130666	0.624177343776018	0.00494298927159218	0.009553118885151488	0.002505086000705106	0.045832495288422294	0.006832792146766159	0.2186650367576925	0.01591046866622665	3
NA19240:BB:chr5:135228165	0.6241867574928324	0.004906519546982434	0.009556187362036325	0.0025384043758078646	0.0458389434184891	0.006892807784109445	0.21862612862110503	0.01569704696888971	3
NA19240:BB:chr5:147805120	0.6241867574928324	0.004906519546982434	0.009556187362036325	0.0025384043758078646	0.0458389434184891	0.006892807784109445	0.21862612862110503	0.01569704696888971	3
NA19240:BB:chr6:168352219	0.6241837491444874	0.0049217110194582124	0.009554633042174463	0.002503816525151483	0.04583597205325275	0.006832501009661402	0.21861596339747147	0.015539251771920786	3
NA19240:BB:chr8:7308674	0.2580301919507719	0.08588999869974552	0.011505011713688219	0.009546271549629696	0.011527280522169678	0.008203287956099195	0.08859428982463374	0.03363159239538755	6
NA19240:BB:chr8:87641271	0.6241837491444874	0.0049217110194582124	0.009554633042174463	0.002503816525151483	0.04583597205325275	0.006832501009661402	0.21861596339747147	0.015539251771920786	3
NA19240:BB:chr9:2029196	0.6241837491444874	0.0049217110194582124	0.009554633042174463	0.002503816525151483	0.04583597205325275	0.006832501009661402	0.21861596339747147	0.015539251771920786	3
NA19240:BB:chr9:35661088	0.6241837491444874	0.0049217110194582124	0.009554633042174463	0.002503816525151483	0.04583597205325275	0.006832501009661402	0.21861596339747147	0.015539251771920786	3
