ID	Hexagon_index	Cluster_base
1	30	4
2	32	2
3	50	4
4	6	1
5	48	4
6	8	1
7	58	2
8	52	4
9	45	6
10	56	2
11	8	1
12	58	2
13	2	1
14	43	3
15	40	3
16	38	3
17	42	3
18	21	3
19	45	6
20	58	2
21	12	5
22	52	4
23	3	1
24	42	3
25	29	4
26	2	1
27	57	2
28	53	4
29	55	2
30	42	3
31	24	5
32	46	6
33	45	6
34	34	2
35	38	3
36	55	2
37	60	1
38	40	3
39	5	1
40	33	2
41	18	2
42	47	4
43	46	6
44	38	3
45	58	2
46	39	3
47	54	2
48	23	3
49	54	2
50	53	4
51	50	4
52	59	2
53	51	4
54	42	3
55	1	1
56	58	2
57	61	1
58	45	6
59	31	4
60	9	1
61	11	5
62	11	5
63	43	3
64	48	4
65	14	4
66	22	3
67	40	3
68	50	4
69	16	2
70	54	2
71	46	6
72	42	3
73	54	2
74	35	2
75	59	2
76	39	3
77	19	1
78	1	1
79	47	4
80	57	2
81	27	4
82	48	4
83	52	4
84	49	4
85	15	4
86	61	1
87	60	1
88	56	2
89	15	4
90	48	4
91	56	2
92	50	4
93	59	2
94	24	5
95	44	5
96	61	1
97	60	1
98	46	6
99	50	4
100	56	2
